50 50
102
0 23 2
2 18 2
2 19 2
2 27 2
2 28 2
3 17 2
3 20 2
3 26 2
3 29 2
4 18 2
4 19 2
4 27 2
4 28 2
6 23 2
7 22 2
7 24 2
8 22 2
8 24 2
9 23 2
11 26 2
11 27 2
12 25 2
12 28 2
13 26 2
13 27 2
16 19 3
16 20 3
16 31 2
17 19 3
17 20 3
17 30 2
17 32 2
18 24 3
18 25 3
18 30 2
18 32 2
19 24 3
19 25 3
19 31 2
20 9 2
20 10 3
21 9 3
21 11 3
21 47 3
21 48 3
22 10 3
22 11 2
22 40 3
22 41 3
22 47 3
22 48 3
23 40 3
23 41 3
24 15 2
24 16 2
24 32 3
24 33 3
25 14 2
25 17 2
25 32 3
25 33 3
26 15 2
26 16 2
26 21 3
26 22 2
26 23 3
27 1 3
28 1 2
28 11 2
29 1 3
29 10 2
29 12 2
30 4 3
30 5 3
30 10 2
30 12 2
31 4 3
31 5 3
31 11 2
35 26 3
35 27 3
36 19 3
36 26 3
36 27 3
37 19 2
38 19 3
38 48 3
38 49 3
39 39 3
39 40 2
39 41 3
39 48 3
39 49 3
47 23 2
48 22 2
48 24 2
48 30 3
48 31 3
49 22 2
49 24 2
49 30 3
49 31 3
102
0 23 2
2 18 2
2 19 2
2 27 2
2 28 2
3 17 2
3 20 2
3 26 2
3 29 2
4 18 2
4 19 2
4 27 2
4 28 2
6 23 2
7 22 2
7 24 2
8 22 2
8 24 2
9 23 2
11 26 2
11 27 2
12 25 2
12 28 2
13 26 2
13 27 2
16 19 3
16 20 3
16 31 2
17 19 3
17 20 3
17 30 2
17 32 2
18 24 3
18 25 3
18 30 2
18 32 2
19 24 3
19 25 3
19 31 2
20 9 2
20 10 3
21 9 3
21 11 3
21 47 3
21 48 3
22 10 3
22 11 2
22 40 3
22 41 3
22 47 3
22 48 3
23 40 3
23 41 3
24 15 2
24 16 2
24 32 3
24 33 3
25 14 2
25 17 2
25 32 3
25 33 3
26 15 2
26 16 2
26 21 3
26 22 2
26 23 3
27 1 3
28 1 2
28 11 2
29 1 3
29 10 2
29 12 2
30 4 3
30 5 3
30 10 2
30 12 2
31 4 3
31 5 3
31 11 2
35 26 3
35 27 3
36 19 3
36 26 3
36 27 3
37 19 2
38 19 3
38 48 3
38 49 3
39 39 3
39 40 2
39 41 3
39 48 3
39 49 3
47 23 2
48 22 2
48 24 2
48 30 3
48 31 3
49 22 2
49 24 2
49 30 3
49 31 3
